# COLMAP images.txt converted from server all_camtoworlds.json
# IMAGE_ID, QW, QX, QY, QZ, TX, TY, TZ, CAMERA_ID, NAME
#
1 0.8544011927600023 -0.01587363431936028 0.5034941080202033 0.12743748558693616 -0.7731628666125312 0.05780837982097702 0.728101522262751 1 frame_00001.jpg

2 0.8564166741162124 -0.01817593630568991 0.5000348738963548 0.12722122669819458 -0.7821842939997028 0.05888058442216364 0.7224953401795275 1 frame_00002.jpg

3 0.8622469478201829 -0.018615881825573576 0.48936767195387715 0.1292398219012919 -0.8029439590454671 0.05126291663551867 0.7000287474360437 1 frame_00003.jpg

4 0.8592375333952876 -0.021679787704164993 0.4947240929074984 0.12840918933914838 -0.7933817895522106 0.05466767572682637 0.7083287382364625 1 frame_00004.jpg

5 0.85285127310227 -0.02914193557528629 0.5058330661535968 0.1262076176164261 -0.7720317329172706 0.06710400354545844 0.7260300243073019 1 frame_00005.jpg

6 0.848240843825207 -0.028939869943515394 0.5126806414067091 0.12964765605732545 -0.7584999112580291 0.05931462951630406 0.7372642809451195 1 frame_00006.jpg

7 0.8438868226433919 -0.030119157585909155 0.5185404556885022 0.1344011262211602 -0.7360342503957714 0.05062349522313616 0.7435280944879745 1 frame_00007.jpg

8 0.8369935599224084 -0.03601573888328662 0.52806221742874 0.13890623357267576 -0.6845056436701005 0.05174259294761217 0.7445099384642196 1 frame_00008.jpg

9 0.8278388813741773 -0.04159660310817466 0.5402665888947433 0.1451362188395796 -0.6074203304037598 0.04723238498789682 0.7391660117712344 1 frame_00009.jpg

10 0.8193708745208661 -0.041997844188340266 0.550409136390151 0.15465229920273135 -0.5371493581967082 0.037223611278436576 0.7284690492489446 1 frame_00010.jpg

11 0.8113924513332244 -0.04519853654351033 0.559127623351814 0.16424275636611232 -0.46987872371145356 0.029253067280038438 0.7056493996966143 1 frame_00011.jpg

12 0.8042049468941269 -0.04634577777314873 0.5663130999225913 0.17434432921572618 -0.3961034342514851 0.021996442693322918 0.673806502076072 1 frame_00012.jpg

13 0.8011254316752848 -0.04951219635165459 0.5686719303306705 0.1798855769357641 -0.3277244357292114 0.02693157749543121 0.6517211933931064 1 frame_00013.jpg

14 0.8188522953594368 -0.055634004438340295 0.543185702732025 0.17701714121025833 -0.3094619987392453 0.038583602521735025 0.6129074984667156 1 frame_00014.jpg

15 0.8290711209381844 -0.057013133778211725 0.5279522475830111 0.1750914140531662 -0.27558486941242133 0.04883452549281245 0.5860661452510365 1 frame_00015.jpg

16 0.8318531509050188 -0.05907796746477309 0.5233574569715881 0.17500600367374733 -0.2152688159084455 0.05625081356480298 0.5543743739688817 1 frame_00016.jpg

17 0.8294257981457431 -0.05831780128759399 0.5257738606478537 0.17948182883715288 -0.1401304552545117 0.0675409139339454 0.5293607442110986 1 frame_00017.jpg

18 0.8271284873520389 -0.05905701165020501 0.527562685546556 0.18452194342294687 -0.06396343828917736 0.06983490317595237 0.5202883730484246 1 frame_00018.jpg

19 0.8268342922245849 -0.051792379735215444 0.5258231360225768 0.19280205451762109 0.0157089068751447 0.06463083559761819 0.5207515043247605 1 frame_00019.jpg

20 0.8243192189513209 -0.050053961622988245 0.528991132806529 0.195347914259134 0.09842482324872215 0.07081319991777207 0.5146293337779628 1 frame_00020.jpg

21 0.8273719478928201 -0.04804864165297692 0.5241080974955196 0.19610632324066338 0.17478021405378874 0.07552364785431315 0.49583307335070503 1 frame_00021.jpg

22 0.8341959170127796 -0.04867195022824693 0.5140963595062437 0.19352815413426033 0.23807817365176653 0.09114471580746267 0.48397892392716074 1 frame_00022.jpg

23 0.8448478725314622 -0.050705671074574896 0.49842205679714724 0.18771377279795046 0.2911503193745859 0.09764760095009752 0.48088473098082607 1 frame_00023.jpg

24 0.8549990086787307 -0.047166150432839324 0.4823924213008783 0.18452534049070468 0.3423345398705765 0.10243641928958273 0.4811398037882839 1 frame_00024.jpg

25 0.862826432041617 -0.04680309366908565 0.4706083340025973 0.17851558632409562 0.4034837476498475 0.10380139642025292 0.4735241486587972 1 frame_00025.jpg

26 0.86983881816386 -0.04131144055444678 0.45928995867287337 0.17528984327931288 0.47036001984193165 0.10896977964923085 0.46774429210670343 1 frame_00026.jpg

27 0.8786999178147954 -0.04372117553593231 0.4440306819692522 0.16973999738408393 0.5283535110008342 0.11431302339155587 0.4721136024125063 1 frame_00027.jpg

28 0.8880766754771982 -0.0389606198331728 0.4258488532869604 0.16868504002952672 0.5813798876733838 0.11327675205040896 0.48484514650224164 1 frame_00028.jpg

29 0.8923945239351341 -0.03738016919598898 0.4175235891797905 0.16705923823569346 0.6415524641877356 0.11438417367360626 0.48090665142060923 1 frame_00029.jpg

30 0.8982703952158391 -0.03779330106546226 0.40562719953403586 0.16476813548599423 0.7001696403923631 0.12645310092158824 0.47345652557343404 1 frame_00030.jpg

31 0.9048511730380919 -0.041439863266592415 0.3917765057126447 0.16136375663582317 0.7551244299264259 0.13814806887270054 0.47993654850014483 1 frame_00031.jpg

32 0.9129441139128561 -0.03942971620378405 0.3734130362522693 0.15981566477920875 0.8080491955008862 0.13806176062516437 0.5073879087163327 1 frame_00032.jpg

33 0.9223082561028209 -0.038357564948968234 0.3511026491459317 0.15685377808158718 0.8531970163319412 0.13947487578954473 0.5438453504484126 1 frame_00033.jpg

34 0.9332010671153814 -0.03792308558234919 0.3233806426335545 0.15206106630080102 0.8936028205393969 0.13108930760863385 0.5770880498660047 1 frame_00034.jpg

35 0.9470703258769928 -0.038013485467893494 0.2836760596027683 0.14539830113889132 0.9108860244899646 0.1316612623065278 0.6348601184223067 1 frame_00035.jpg

36 0.9583787547480287 -0.0370350270141549 0.24747234012857164 0.13746275893116347 0.9262842326933729 0.1190865251451683 0.696420316906322 1 frame_00036.jpg

37 0.9705703693775807 -0.03067267580356001 0.20089409311131445 0.12920490856890451 0.9199888631307869 0.09440274499177874 0.7831695837582554 1 frame_00037.jpg

38 0.9792845924709077 -0.028496518545986952 0.1617772112107638 0.11839666090187832 0.9120844482174764 0.06959927912681324 0.8484585198690529 1 frame_00038.jpg

39 0.9874169591821684 -0.023334320057835964 0.11577978673248722 0.10515844812024437 0.8894081824678152 0.04388287198087508 0.9162826261037782 1 frame_00039.jpg

40 0.9935927538233773 -0.02139599391700297 0.06599504245555066 0.08922054340381 0.8453467373101852 0.01924082088593885 0.9994681121556216 1 frame_00040.jpg

41 0.9972777465729762 -0.019231436070246178 0.007753441552810422 0.07076109242436773 0.7692961715115263 -0.019583190202825694 1.1011872590012102 1 frame_00041.jpg

42 0.9970925087899101 -0.012017020472645398 -0.05627049806567969 0.04995749374661935 0.6648258337226739 -0.0706632452488247 1.2134903163624091 1 frame_00042.jpg

43 0.9931942429294767 -0.012528000834235734 -0.11259672410098087 0.027022633634946665 0.5557976512884764 -0.10625909729276514 1.2986732537351022 1 frame_00043.jpg

44 0.9839073116899706 -0.010818724049308146 -0.17833353536920662 0.0025509558365320686 0.40335409204277917 -0.1420236071793721 1.377213003569896 1 frame_00044.jpg

45 0.9641216003498972 -0.014262844935016582 -0.26387410848655196 -0.025230256905945336 0.16365282104825662 -0.16451412113882807 1.4554239119691625 1 frame_00045.jpg

46 0.880958024466722 -0.0287808811432405 -0.46366558477569825 -0.08999358589876792 -0.5239145796305129 -0.14118495308145115 1.4503561064165225 1 frame_00047.jpg

47 0.8356440306586631 -0.0488030240001703 -0.5355730672144063 -0.1117085876176721 -0.7977954451208811 -0.05432813528606034 1.365376807529302 1 frame_00048.jpg

48 0.8140179491164108 -0.061395847017107104 -0.5651433982314705 -0.1192403787345119 -0.9145780556021754 0.00025661621955319625 1.3189515447739635 1 frame_00049.jpg

49 0.844446542984082 -0.06068412010632628 -0.5184365679248958 -0.1202123065555636 -0.7509690947568717 -0.025758310066900603 1.4092318067606242 1 frame_00050.jpg

50 0.8951472529451877 -0.05437373841365317 -0.4285429977732092 -0.1100263203745308 -0.4185633459711946 -0.079795705975091 1.5105940826313176 1 frame_00051.jpg

51 0.9490430281823451 -0.04340483031317106 -0.29941720863456356 -0.08821953603060731 0.03264808033815425 -0.14317042776070465 1.5352329227173076 1 frame_00052.jpg

52 0.987341969572031 -0.03379810003463468 -0.1467817490880506 -0.04968542734367815 0.5064182913999182 -0.16142360187195726 1.4156509297998396 1 frame_00053.jpg

53 0.9995033428725245 -0.029272871826376185 -0.01028373676912448 -0.0055146459313796855 0.8492157978927464 -0.11330244801128561 1.2081868404601266 1 frame_00054.jpg

54 0.9969286537459909 -0.023870410767362783 0.07190173960398678 0.019839422167087017 1.0016615845627181 -0.07799174098937815 1.0371011156479188 1 frame_00055.jpg

55 0.996879382564297 -0.01103435506894465 0.07418379196854782 0.024627314827355643 0.9507398679315604 -0.09831901835809255 0.9995497808574394 1 frame_00056.jpg

56 0.9987398351748045 -0.0030597840442664766 0.0472130827288896 0.016742287055293643 0.8241561110080343 -0.11682684875597367 1.0080973425886304 1 frame_00057.jpg

57 0.9992447586689793 -0.0024691118623542227 0.03756232192511425 0.009637828115220721 0.738772705688205 -0.11880644422262737 0.9928983065578116 1 frame_00058.jpg

58 0.9985333278353951 -0.011776823698422948 0.052278967691731924 0.007707733949392371 0.7019383998276651 -0.09173756631506762 0.9425883271880586 1 frame_00059.jpg

59 0.9976872618659391 -0.015040948707753594 0.06597070956418677 0.00646241843378787 0.6623853456529023 -0.0769818048684573 0.8819165395757315 1 frame_00060.jpg

60 0.9973794371491095 -0.02091884653354031 0.06903769835487555 0.005518733341351012 0.5925688227706746 -0.05629928531781282 0.8247077950808298 1 frame_00061.jpg

61 0.9970257533169039 -0.012954167987631618 0.0754800296056377 0.00863723829360239 0.5168056198573044 -0.05047595532171363 0.7713536193086565 1 frame_00062.jpg

62 0.9945084068192444 -0.012560544574056495 0.10275933673215999 0.015355135955701234 0.4729189408221084 -0.03735395681359503 0.703291371463376 1 frame_00063.jpg

63 0.9926860968762359 -0.01564223745274967 0.11709144861859473 0.02488425479083486 0.41804301924999043 -0.0070976378065900625 0.6526566740040716 1 frame_00064.jpg

64 0.9919461812063891 -0.02875735330157333 0.11894528781600322 0.032677312121992305 0.3364973773847082 0.023704850911920643 0.6002498412470847 1 frame_00065.jpg

65 0.9907333884744312 -0.018986070911567 0.12805552836457154 0.04109335382496053 0.26153926929088794 0.03423807708761321 0.5440030935739034 1 frame_00066.jpg

66 0.9882834628355089 -0.024391457824327514 0.1435059512442657 0.04590093494186888 0.19501759605559324 0.053171001576519744 0.4847994741524563 1 frame_00067.jpg

67 0.9865862367648278 -0.019269819439190847 0.15380281543224195 0.05119536551399594 0.13548005943981825 0.06539151968430282 0.428628869918891 1 frame_00068.jpg

68 0.9859422807430855 -0.029988152143819825 0.1552619768818308 0.053965250938613735 0.061694634545329974 0.08784401877760266 0.3645158385943145 1 frame_00069.jpg

69 0.9825753939149546 -0.023896108644216523 0.1747793382107912 0.05853848476970812 0.0014513007369789804 0.10271394194157828 0.31187706817909977 1 frame_00070.jpg

70 0.9770516056749511 -0.019309960014197138 0.2023086730454136 0.06378468548839843 -0.0537484062066545 0.10622501181382393 0.2701060360464016 1 frame_00071.jpg

71 0.9718230441202467 -0.01332008488948965 0.22454466061440154 0.07044318025868124 -0.10245221192231928 0.11449220916926524 0.23737541414510765 1 frame_00072.jpg

72 0.964570278467103 -0.012580098392429498 0.2516286526202761 0.07828754819788827 -0.15392511099452888 0.11929348917997874 0.1927808720519156 1 frame_00073.jpg

73 0.9544908046016694 -0.00489769369620209 0.2845808694352056 0.08909009641266806 -0.20931438254565538 0.13197068397238754 0.16079947216372054 1 frame_00074.jpg

74 0.9408304924317773 -0.0035302951374317714 0.3236823354114755 0.10027595558953822 -0.26061530904106867 0.13664507423285313 0.14831752316353194 1 frame_00075.jpg

75 0.9252471104490163 0.005528556003465205 0.362191494926557 0.1127144208924851 -0.3033776985392705 0.13860629499300436 0.14469756877421644 1 frame_00076.jpg

76 0.9108834710575461 0.00818495288671958 0.3935024752599853 0.12401657415306798 -0.3487853342699917 0.1364247146852658 0.12680153577580483 1 frame_00077.jpg

77 0.8930330060907017 0.016063302391693297 0.42861895218186663 0.13608752396673462 -0.396212664585759 0.14141585396582573 0.11180963660401969 1 frame_00078.jpg

78 0.8731312929257313 0.02665380574435454 0.4637596483643286 0.14784555624765056 -0.4344765351452883 0.14426502807078362 0.11196248902854744 1 frame_00079.jpg

79 0.8505755787389462 0.03768072200877393 0.5010035935326485 0.15523127039735526 -0.4636323628194315 0.14847658898134433 0.11877712449638536 1 frame_00080.jpg

80 0.8351908159161245 0.05004490462358391 0.5247931616087288 0.15666507606767105 -0.4802211632584621 0.15825998208003433 0.11131743561427118 1 frame_00081.jpg

81 0.8336624819178025 0.054268459998432515 0.5288518967853716 0.14959101496601532 -0.49299612319597075 0.18510080800931605 0.06647415670288878 1 frame_00082.jpg

82 0.8336688183131897 0.06066477628063376 0.5301449789653155 0.14234601353383805 -0.5111836842394877 0.2176725669209393 0.020556467446392918 1 frame_00083.jpg

83 0.8325389031318806 0.06591714160105842 0.5328044368287354 0.13657722105360512 -0.5324990993097086 0.24039014962517222 -0.017270041606128855 1 frame_00084.jpg

84 0.8305289713563703 0.06140766522297652 0.5385006090061364 0.12832700608060837 -0.5569117673429935 0.26718380161310096 -0.050581787615670726 1 frame_00085.jpg

85 0.8387832626593926 0.05297289647777391 0.5273752835273852 0.12454646059053397 -0.5813412616622682 0.27645272434465584 -0.09965066953955681 1 frame_00086.jpg

86 0.850404833516552 0.043051845285408424 0.5097179470065204 0.12306816098676666 -0.6073577295979355 0.2849443679664808 -0.1618637579475441 1 frame_00087.jpg

87 0.8614139686224866 0.035863715250350175 0.4911024797914511 0.12449145726991351 -0.6243876969016979 0.2996391111722333 -0.23148087162738246 1 frame_00088.jpg

88 0.8726688092972715 0.028637054638415826 0.4703922259698883 0.1279070839649329 -0.6428826203979094 0.3065247685198863 -0.29997063190890083 1 frame_00089.jpg

89 0.879554648375939 0.02248735648205278 0.45698830222456505 0.13053593738368324 -0.6775198239336712 0.3111173590926918 -0.36115305608214215 1 frame_00090.jpg

90 0.8859861476105028 0.0188109625928353 0.4429123872087821 0.13602687670328018 -0.7213418120308972 0.3209562287878001 -0.4238613101988583 1 frame_00091.jpg

91 0.8769271411076863 0.014641251827083483 0.4600804351087644 0.13824042883240018 -0.7809077647634284 0.3256392426439726 -0.43284907812860024 1 frame_00092.jpg

92 0.8243440831672698 0.016379578004049142 0.5478631379089249 0.14154336470534 -0.8808465294950112 0.32007472223563244 -0.29618933653301527 1 frame_00093.jpg

93 0.7297421129568282 0.03173489535891012 0.6607925962136644 0.17269189263850238 -0.9597416003955693 0.27777643657095047 -0.0416690743369261 1 frame_00094.jpg

94 0.5918913197281989 0.04314115965256132 0.7739774681308772 0.22082206592630207 -0.9626767784277482 0.1702811721375811 0.2919771047421356 1 frame_00095.jpg

95 0.4325854368111099 0.043910927494956606 0.8630502489494163 0.2570718539510395 -0.8327311936067767 0.053915335265009245 0.6153099457161704 1 frame_00096.jpg

96 0.272043749675718 0.038561250400960596 0.9234674135132607 0.26779313734488813 -0.594321906308632 -0.01843628903218686 0.8473359631824371 1 frame_00097.jpg

97 0.11926112023405751 0.04014334854968584 0.9582600844352909 0.256715615703068 -0.30561973133910214 -0.026858803756354688 0.9850042070342983 1 frame_00098.jpg

98 -0.014157007350477533 0.044053413305222056 0.9704314267646725 0.23690023610482083 -0.029606922004582144 -0.0016723036134632663 1.0462053649509235 1 frame_00099.jpg

99 -0.11544615671945781 0.04697493502148722 0.9685986469163359 0.21513298577920714 0.18707737579005146 0.039227752897952384 1.0470416046752298 1 frame_00100.jpg

100 -0.16116337390136132 0.041871986470840554 0.9638385390837898 0.20805858366945976 0.28414763982133484 0.0523053324916295 1.0374685509349084 1 frame_00101.jpg

101 -0.17491708035224662 0.034726757850158926 0.9613468739856815 0.20978621300795774 0.3106759586807375 0.0500862633780737 1.0342258729639577 1 frame_00102.jpg

102 -0.17163141388236594 0.028888587716686804 0.9594546451825315 0.22170902351085692 0.3009721247772234 0.02366858647626252 1.040978766452163 1 frame_00103.jpg

103 -0.16309076868111014 0.02505241911933713 0.9564852161449332 0.24064456936206594 0.2796053995739114 -0.019952480693044283 1.048373191653372 1 frame_00104.jpg

104 -0.14852595540137206 0.023298921002551497 0.9534683120707547 0.2613338453571842 0.24445485501116476 -0.07167684257074936 1.0570226333403383 1 frame_00105.jpg

105 -0.12363245261685984 0.02406836810750067 0.9520399406742783 0.2788470578605741 0.18432785020313844 -0.11746332061632608 1.070037319781858 1 frame_00106.jpg

106 -0.07546895454904208 0.025040372305558025 0.9517535417922858 0.296382543919026 0.061472446342057785 -0.16518096055429576 1.082429673440589 1 frame_00107.jpg

107 -0.019325299840323763 0.028482993889545803 0.95110436059313 0.30694583741419745 -0.0800111178024628 -0.18763286830165232 1.0790701474355449 1 frame_00108.jpg

108 0.017418132096378852 0.03561799836134386 0.9523087686189518 0.30254913002429906 -0.16231182124824634 -0.16881495024039261 1.07529732620231 1 frame_00109.jpg

109 0.0290131872513533 0.04042007877359603 0.9563134555836427 0.28807816103815737 -0.1818802938361445 -0.1297587281055435 1.0780669140756962 1 frame_00110.jpg

110 0.024868206320038957 0.042015942972331986 0.9596208760374096 0.27702708734664244 -0.168470399355567 -0.10365511578352371 1.083643889408935 1 frame_00111.jpg

111 0.01667713478092639 0.04179696038389888 0.9618971259174101 0.2696827885312519 -0.14890247837756926 -0.08799423534102774 1.0898736784479204 1 frame_00112.jpg

112 0.010660064984506121 0.04115731487167591 0.9633678207895345 0.264792145492088 -0.13593534609041003 -0.07836188158805524 1.093583087290291 1 frame_00113.jpg

